---
title: "Lab2 Solution by Abu Bakar Naseer"
output: pdf_document
---
  
###Q1
```{r}

x<-c(10, 2, 15, 6, 4, 9, 12, 11, 3, 0, 12, 10, 9, 7, 11, 10, 8, 5, 10, 6)
x


```